000000
000003
000004
000011
000036
000039
000041
000043
000044
000045
000046
000060
000064
000065
000066
000067
000068
000071
000072
000073
000076
000078
000079
000080
000082
000093
000094
000095
000096
000097
000098
000099
000100
000103
000105
000106
000107
000110
000114
000117
000133
000134
000135
000136
000137
000138
000139
000140
000145
000151
000160
000161
000162
000163
000176
000179
000180
000181
000183
000184
000185
000195
000197
000198
000199
000200
000201
000202
000206
000207
000208
000209
000210
000221
000222
000223
000224
000226
000227
000228
000245
000247
000250
000252
000253
000254
000263
000264
000284
000285
000286
000288
000304
000305
000310
000314
000315
000316
000324
000342
000344
000345
000348
000349
000354
000355
000356
000358
000360
000361
000362
000365
000367
000368
000370
000371
000391
000392
000393
000394
000395
000396
000397
000398
000399
000400
000405
000407
000408
000410
000411
000412
000413
000414
000415
000418
000419
000420
000421
000422
000423
000424
000437
000441
000442
000444
000445
000448
000449
000454
000458
000459
000461
000462
000464
000465
000466
000488
000496
000497
000498
000499
000500
000515
000517
000526
000527
000528
000529
000531
000532
000535
000540
000566
000587
000588
000591
000600
000601
000602
000603
000604
000605
000607
000608
000610
000624
000625
000627
000629
000630
000632
000633
000639
000650
000653
000661
000662
000664
000665
000666
000667
000679
000680
000682
000683
000684
000685
000691
000692
000693
000694
000695
000699
000702
000706
000725
000727
000728
000730
000731
000732
000735
000739
000740
000750
000752
000773
000774
000775
000776
000778
000790
000792
000793
000811
000812
000813
000814
000815
000819
000820
000821
000822
000823
000824
000825
000826
000827
000831
000832
000833
000840
000843
000848
000849
000856
000858
000859
000860
000861
000862
000866
000885
000886
000887
000888
000917
000918
000921
000922
000930
000931
000932
000933
000935
000936
000937
000938
000940
000942
000943
000947
000953
000959
000962
000963
000964
000965
000966
000967
000968
000969
000970
000971
000998
001004
001006
001007
001008
001013
001014
001016
001022
001036
001037
001038
001039
001040
001041
001042
001058
001063
001064
001065
001078
001091
001099
001100
001102
001103
001104
001105
001125
001126
001127
001128
001129
001130
001158
001159
001160
001162
001163
001165
001174
001176
001177
001178
001188
001189
001190
001191
001192
001193
001194
001195
001219
001223
001227
001229
001231
001232
001233
001250
001262
001263
001264
001265
001267
001268
001269
001270
001284
001285
001286
001287
001291
001302
001303
001304
001305
001306
001307
001308
001316
001317
001321
001324
001325
001326
001327
001328
001329
001330
001335
001352
001353
001354
001355
001356
001357
001383
001386
001387
001390
001394
001395
001404
001406
001407
001408
001413
001415
001416
001417
001418
001419
001420
001421
001444
001447
001453
001454
001457
001490
001491
001492
001493
001494
001495
001509
001510
001511
001512
001513
001514
001515
001516
001517
001518
001519
001520
001521
001532
001533
001534
001535
001536
001537
001555
001566
001567
001568
001599
001600
001601
001602
001603
001604
001612
001613
001614
001615
001620
001629
001639
001640
001641
001643
001644
001645
001659
001660
001663
001664
001665
001666
001667
001668
001688
001691
001692
001693
001694
001695
001696
001707
001733
001735
001736
001737
001770
001771
001772
001773
001783
001784
001785
001795
001819
001820
001821
001822
001823
001825
001828
001829
001838
001875
001876
001877
001878
001879
001880
001881
001896
001897
001899
001901
001902
001905
001907
001908
001926
001927
001928
001929
001930
001933
001935
001936
001937
001938
001940
001941
001944
001945
001947
001988
002037
002040
002051
002052
002055
002056
002062
002063
002064
002066
002069
002070
002094
002095
002097
002098
002099
002103
002104
002106
002107
002108
002109
002111
002112
002113
002115
002125
002126
002127
002129
002131
002162
002163
002165
002166
002167
002168
002169
002170
002171
002209
002234
002245
002254
002258
002260
002261
002262
002300
002301
002302
002316
002334
002335
002336
002344
002357
002366
002375
002394
002395
002396
002411
002412
002413
002443
002447
002448
002449
002455
002456
002458
002461
002462
002463
002464
002465
002468
002470
002471
002472
002474
002475
002476
002510
002511
002512
002517
002518
002546
002547
002548
002549
002552
002553
002554
002555
002556
002557
002558
002562
002563
002564
002565
002566
002568
002569
002610
002611
002612
002613
002614
002616
002636
002652
002653
002654
002655
002656
002657
002658
002659
002660
002663
002664
002693
002701
002702
002703
002716
002735
002736
002758
002759
002760
002761
002762
002764
002767
002785
002786
002789
002790
002791
002806
002833
002834
002835
002837
002838
002839
002865
002866
002868
002869
002870
002871
002872
002879
002880
002889
002890
002892
002893
002894
002908
002923
002924
002933
002952
002953
002954
002955
002956
002958
002959
002960
003010
003011
003012
003020
003027
003029
003031
003032
003033
003036
003037
003051
003052
003055
003058
003059
003066
003069
003070
003072
003073
003074
003088
003089
003090
003091
003092
003093
003107
003110
003112
003113
003114
003115
003116
003118
003121
003122
003123
003124
003125
003126
003134
003147
003150
003151
003152
003154
003156
003159
003160
003180
003196
003197
003207
003208
003210
003211
003244
003254
003255
003265
003266
003273
003276
003284
003285
003286
003287
003288
003289
003338
003339
003340
003347
003348
003352
003353
003354
003363
003365
003366
003367
003368
003370
003371
003398
003399
003400
003403
003407
003448
003462
003470
003471
003472
003473
003474
003476
003482
003499
003500
003503
003505
003506
003507
003508
003522
003523
003524
003525
003529
003530
003531
003558
003559
003560
003561
003562
003564
003565
003566
003567
003598
003599
003600
003601
003602
003603
003617
003634
003636
003638
003639
003640
003641
003692
003693
003694
003697
003698
003704
003705
003708
003709
003710
003711
003715
003716
003717
003720
003737
003739
003740
003741
003747
003748
003749
003750
003751
003752
003753
003754
003755
003756
003757
003758
003759
